5,0 22 1,0,0,0,0,0,1,0,0,0,0,0,1,0,0,0,0,0,1,0,0,0,0,0,1,0,1,0,0,0,1,22,1,1,1,0,1,0,0,0,0,1,0,0,0,0,1,0,0,0,0,0,1,0,0,0,1,0,0,0,1,0,0,0,0,0,0,0,0,1,0,0,0,1,0,0,0,0,1,0,0,1,0,0,0,0,0,0,0,1,1,0,0,0,0,0,0,1,0,0,0,0,0,0,1,0,1,0,0,0,0,0,0,1,0,0,0,1,0,0,1,0,0,0,0 495.96747752468593
5,0 1 10000010000010000010000010100010011001100110001000001000011011001010100010000010011000101010101000100000101000001000001010000 13.999991455089425
5,0 1 10000010000010000010000010100010111010000100001000001000100010000000010001000010010000000110000001000000101000000100010010000 8.0
5,0 2 10000010000010000010000010100010221020000200001000001000200010011001100010000010020000011010101000100000101000001000001010000 19.999998984552718
5,0 1 10000010000010000010000010100011001001100011001000001000011011000010010001000010001100100111000001000000101000000100010010000 11.999999419572736
5,0 1 10000010000010000010000010100011001001100011001000001000011011000010010001000010001100100111000001000000101000000100010010000 11.999999419572736
5,0 1 10000010000010000010000010100011010001110110000100001000011111010011000100000010011000110010011000100000100100010000001010000 16.605519850474717
5,0 1 10000010000010000010000010100011111011100111001000001000111011100010110001000010011100101111100001000000101000000100010010000 26.180337896665264
5,0 1 10000010000010000010000010100011111011110111001100001000111111110011010101000010011100110111010001010000101100010100010110010 34.646439011453616
5,0 1 10000010000010000010000010100011110011110110000100001000111111110011000100000010011000110010011000100000100100010000001010000 23.9999971906502
5,0 1 10000010000010000010000010100011110011110111000100001000111111110011100100000010011100111011101000100000100100010000001010000 31.09234119618816
5,0 1 10000010000010000010000010100011111010000100001000001000100010000000010001000010010000000110000001000000101000000100010010000 10.561510743651038
5,0 1 10000010000010000010000010100011111010110110101110001000101110101010100110000010011010101010110010010000101110011000100110011 30.142134866939283
5,0 3 10000010000010000010000010100010321030000200001000001000300010121002000010000010020000020010011000100000101000001000001010000 29.999997334616555
5,0 2 10000010000010000010000010100011221020000200001000001000200010011001100010000010020000011010101000100000101000001000001010000 23.701490852436194
5,0 2 10000010000010000010000010100011221022000200001000001000220012021002000010000010020000020010011000100000101000001000001010000 38.26590823691892
5,0 2 10000010000010000010000010100011212021100111102010001000211011101010110011100010011110101111100011000000102010001110110010101 49.30293142075198
5,0 2 10000010000010000010000010100011211020100111001000001000201010111011000010000010011100110011001000100000101000001000001010000 28.009866936714324
5,0 2 10000010000010000010000010100011121012100210001000001000121012011011100010000010021000111010111000100000101000001000001010000 38.52330022760517
5,0 2 10000010000010000010000010100011221021100211001000001000211011110011110001000010021100111111110001000000101000000100010010000 48.17707882421261
5,0 2 10000010000010000010000010100011221022110211101111001000221112121012110111100010021110121111111011100000101111011110111011100 92.0908152058331
5,0 4 10000010000010000010000010100010344031110411104111001000311111111011210111200010041110112111212011220000104111011120112211221 169.0251613104642
5,0 2 10000010000010000010000010100011122012210221102111001000122112112021210121100010022110212111212011210000102111012110112111111 126.22539651015637
5,0 3 10000010000010000010000010100011321030000200001000001000300010121002000010000010020000020010011000100000101000001000001010000 34.40498213101954
5,0 3 10000010000010000010000010100011321031000200001000001000310011121002000010000010020000020010011000100000101000001000001010000 42.64848569945548
5,0 2 10000010000010000010000010100010111011100111001000001000111011200010210001000010011100102111200001000000101000000100010010000 31.09234119618816
5,0 2 10000010000010000010000010100012010002110110000100001000021112010011000100000010011000110010011000100000100100010000001010000 23.9999971906502
5,0 2 10000010000010000010000010100010111011100111001000001000111011200010210001000010011100102111200001000000101000000100010010000 31.092341196188162
5,0 2 10000010000010000010000010100011111011110110101110001000111111200010110101100010011010101110110011000000101110010110110010101 39.792574407987914
5,0 2 10000010000010000010000010100011221021100211001000001000211011200010210001000010021100102111200001000000101000000100010010000 48.17707882421261
5,0 2 10000010000010000010000010100012110011110111100111001000111111011011100110000010011110111011101010100000100111011000101011000 41.801977922773645
5,0 2 10000010000010000010000010100012110012110110000100001000121112110011000100000010011000110010011000100000100100010000001010000 34.74772641933197
5,0 3 10000010000010000010000010100011331031100311001000001000311011210011210001000010031100112111210001000000101000000100010010000 78.12004532224094
5,0 2 10000010000010000010000010100012111010000100001000001000100010000000010001000010010000000110000001000000101000000100010010000 14.472131902013192
5,0 2 10000010000010000010000010100012111011100111001000001000111011000010010001000010011100100111000001000000101000000100010010000 25.177272232707494
5,0 2 10000010000010000010000010100012211022200121001000001000222012221022000010000010012100220011021000100000101000001000001010000 76.07292955545081
5,0 2 10000010000010000010000010100012111011100111001000001000111011000010010001000010011100100111000001000000101000000100010010000 25.177272232707494
5,0 3 10000010000010000010000010100011321031100213001000001000311011211011300010000010021300113013301000100000101000001000001010000 93.25483311213087
5,0 2 10000010000010000010000010100011221021120211001200001000211211220012010201000010021100120111020001020000101200020100010210020 71.63536182277458
5,0 4 10000010000010000010000010100011101011110011101112001000111111220012100100400010001110121011110010030000101112010040100312430 90.06756088038149
5,0 2 10000010000010000010000010100012220022210221000100001000222112220022100100000010022100221011121000100000100100010000001010000 93.25483397297656
5,0 2 10000010000010000010000010100012210022110110000100001000221112210011000100000010011000110010011000100000100100010000001010000 49.16600922109895
5,0 4 10000010000010000010000010100012210022110114000100001000221112210011400100000010011400114014411000100000100100010000001010000 116.04258583623907
5,0 2 10000010000010000010000010100012221020000200001000001000200010011001100010000010020000011010101000100000101000001000001010000 28.633214605435068
5,0 2 10000010000010000010000010100012122011120210102210001000111211011011100210000010021010111010120010020000102210021000100210022 72.58284748141725
5,0 2 10000010000010000010000010100012211022200121001000001000222012221022000010000010012100220011021000100000101000001000001010000 76.0729295554508
5,0 2 10000010000010000010000010100012221021210221101111001000212111211021110111000010022110211111121011100000101111011100111011001 98.28878114643929
5,0 5 10000010000010000010000010100012122015110211202121001000151115144014110141100010021120141111121021110000102121014110211111112 213.39245735780423
5,0 2 10000010000010000010000010100012211021110111101111001000211111111011010111000010011110110111010011000000101111011100110011001 59.999999990793484
5,0 2 10000010000010000010000010100012211021110112101111001000211111111011110111000010011210111112100011010000101111011100110111010 71.01178005032067
5,0 3 10000010000010000010000010100012211021110113101111001000211111111011210111000010011310112113201011110000101111011100111111010 92.09081498276056
5,0 4 10000010000010000010000010100012211021110113101114001000211111111011210111300010011310112113201011140000101114011130111414340 169.02516131041864
5,0 2 10000010000010000010000010100012211022200121001000001000222012221022000010000010012100220011021000100000101000001000001010000 76.0729295554508
5,0 2 10000010000010000010000010100012121011210222101110001000112111111021200110100010022210212012222010200000101110011010102010101 102.15864520115969
5,0 3 10000010000010000010000010100012221023100211001000001000231013121012100010000010021100121011101000100000101000001000001010000 79.04051778028479
5,0 2 10000010000010000010000010100012222021220221202221001000212211212021210221100010022120212111221021120000102221022110211211122 174.23224450178665
5,0 3 10000010000010000010000010100012011001210122101110001000012111112021300120100010012210213012323010300000101110012010103010102 110.31427370774284
5,0 3 10000010000010000010000010100012331033120311101210001000331213231013110211000010031110131111120011010000101210021100110110012 157.75768379041975
5,0 3 10000010000010000010000010100012321032000200001000001000320012121002000010000010020000020010011000100000101000001000001010000 59.03429709020422
5,0 3 10000010000010000010000010100012321033000200001000001000330013221002000010000010020000020010011000100000101000001000001010000 77.99999970090725
5,0 3 10000010000010000010000010100012321030000200001000001000300010121002000010000010020000020010011000100000101000001000001010000 39.99996777799173
5,0 3 10000010000010000010000010100012231023100310001000001000231013021012100010000010031000121010121000100000101000001000001010000 81.04047751450894
5,0 3 10000010000010000010000010100012321031100211001000001000311011121012000010000010021100120011011000100000101000001000001010000 65.00745843233308
5,0 3 10000010000010000010000010100012233023320332203222001000233213223032320232200010033220323212323022320000103222023220223212222 366.2415978846978
5,0 3 10000010000010000010000010100012331032200322001000001000322012220022210001000010032200222112220001000000101000000100010010000 141.28203230144607
5,0 3 10000010000010000010000010100012332033220322202222001000332213232023220222200010032220232212222022210000102222022220222112211 300.2025640799041
5,0 6 10000010000010000010000010100011566052220622206222001000522212222022320222300010062220223212323022330000106222022230223312332 494.5028121864907
5,0 4 10000010000010000010000010100012432041110311102111001000411111221012110111100010031110121111111011100000102111011110111011100 135.56932972604542
5,0 3 10000010000010000010000010100013001002200021001000001000022012001020000010000010002100200011001000100000101000001000001010000 29.369315163486473
5,0 3 10000010000010000010000010100011221020200220001000001000202010211021000010000010022000210010031000100000101000001000001010000 48.17707124045089
5,0 3 10000010000010000010000010100012322031120211102210001000311211221012010211000010021110120111020011010000102210021100110110013 113.73087811078068
5,0 4 10000010000010000010000010100012321033200222001000001000332013241024000010000010022200240012031000100000101000001000001010000 150.3195664654635
5,0 6 10000010000010000010000010100010643061220421103211001000612211254025000240000010042110250011033010320000103211024000103211022 285.9688770645742
5,0 3 10000010000010000010000010100013010003110110000100001000031113010011000100000010011000110010011000100000100100010000001010000 34.74772641933196
5,0 3 10000010000010000010000010100011331031100311001000001000311011300010310001000010031100103111300001000000101000000100010010000 78.12004532224094
5,0 5 10000010000010000010000010100012122015110211202121001000151115144014110141100010021120141111112021200000102121014110212011103 213.39245735780423
5,0 3 10000010000010000010000010100013110013110110000100001000131113110011000100000010011000110010011000100000100100010000001010000 49.16600922109896
5,0 4 10000010000010000010000010100011441041100411001000001000411011310011310001000010041100113111310001000000101000000100010010000 116.04258583623907
5,0 5 10000010000010000010000010100011544051210423104111001000512111133023210131100010042310232113204011400000104111013110114011103 285.86269765678065
5,0 3 10000010000010000010000010100013111010000100001000001000100010000000010001000010010000000110000001000000101000000100010010000 19.999993431328384
5,0 3 10000010000010000010000010100011221021200220001000001000212011301020200010000010022000202010211000100000101000001000001010000 60.924997952574465
5,0 3 10000010000010000010000010100012221021210221101111001000212111121022010111000010022110220111031011100000101111011100111011001 98.28878114068762
5,0 3 10000010000010000010000010100013111012200121001000001000122012101020100010000010012100201011101000100000101000001000001010000 52.5646426620336
5,0 3 10000010000010000010000010100013111012200122001000001000122012110021110001000010012200211112110001000000101000000100010010000 69.01733660092077
5,0 3 10000010000010000010000010100013111012200122001000001000122012200020210001000010012200202112200001000000101000000100010010000 69.01733660092077
5,0 4 10000010000010000010000010100011232021220323102210001000212211311021400210200010032310214013414010400000102210021020104010202 201.8281105602505
5,0 4 10000010000010000010000010100013121014100211001000001000141014021012100010000010021100121011101000100000101000001000001010000 79.04051279704021
5,0 4 10000010000010000010000010100013231024120311101210001000241214131013110211000010031110131111120011010000101210021100110110012 157.75768344772257
5,0 7 10000010000010000010000010100013321032210222101117001000322112221022110111600010022210221112111011150000101117011160111517652 354.77840869273894
5,0 4 10000010000010000010000010100012321033200222001000001000332013241024000010000010022200240012031000100000101000001000001010000 150.31956646546348
5,0 3 10000010000010000010000010100011211021120111101210001000211211320012010201200010011110120111020011010000101210020120110110210 83.56639160783156
5,0 3 10000010000010000010000010100013120013210221000100001000132113120022100100000010022100221011121000100000100100010000001010000 93.25483397297656
5,0 5 10000010000010000010000010100011122012220223102211001000122212222022410221200010022310224113405011500000102211022120115011203 240.58799196798452
5,0 3 10000010000010000010000010100013322032220222202222001000322212222022120222100010022220221212112022200000102222022210222012103 236.1895002477957
5,0 3 10000010000010000010000010100011331032220320201220001000322212233023200230000010032020232010231020120000101220023000201210022 189.50148145805488
5,0 3 10000010000010000010000010100013210023110110000100001000231113210011000100000010011000110010011000100000100100010000001010000 67.41381251471785
5,0 5 10000010000010000010000010100013210023110115000100001000231113210011500100000010011500115015511000100000100100010000001010000 161.95579634616635
5,0 3 10000010000010000010000010100012331032200322001000001000322012310021310001000010032200213112310001000000101000000100010010000 141.28203230144607
5,0 3 10000010000010000010000010100013211022200122001000001000222012121022000010000010012200220012011000100000101000001000001010000 81.63118921913566
5,0 3 10000010000010000010000010100013211022210121101110001000222112211021100110100010012110211011101010100000101110011010101010100 90.00341616180552
5,0 3 10000010000010000010000010100013211021110111101110001000211111110011000100100010011110110011000010000000101110010010100010100 53.09538736903661
5,0 3 10000010000010000010000010100013221021100211001000001000211011100010110001000010021100101111100001000000101000000100010010000 52.62815246310919
5,0 3 10000010000010000010000010100013221020000200001000001000200010011001100010000010020000011010101000100000101000001000001010000 34.99998584567511
5,0 4 10000010000010000010000010100013221024000200001000001000240014121002000010000010020000020010011000100000101000001000001010000 77.99999471793176
5,0 3 10000010000010000010000010100013221022200220001000001000222012111021000010000010022000210010031000100000101000001000001010000 73.90509714914677
5,0 4 10000010000010000010000010100012431042200324001000001000422012321022400010000010032400224014411000100000101000001000001010000 216.30004676184228
5,0 3 10000010000010000010000010100013221022200221001000001000222012201020200010000010022100202011201000100000101000001000001010000 83.7056933427284
5,0 3 10000010000010000010000010100013221022210221101110001000222112210021110101100010022110211111120011000000101110010110110010100 103.88862641538438
5,0 3 10000010000010000010000010100013221021110211101111001000211111011011100110000010021110111011101010100000101111011000101011000 71.02961825486042
5,0 3 10000010000010000010000010100013221021200221001000001000212011111021000010000010022100210011021000100000101000001000001010000 69.99999867681838
5,0 3 10000010000010000010000010100013221023200221001000001000232013211021200010000010022100212011201000100000101000001000001010000 105.25630499084923
5,0 3 10000010000010000010000010100013321032210223201122001000322112221022220112100010022320222213221022100000101122011210221012100 207.24121812053681
5,0 3 10000010000010000010000010100013321032210221101111001000322112221022010111000010022110220111030011000000101111011100110011000 128.0455265375608
5,0 5 10000010000010000010000010100013321032210225201124001000322112221022420112300010022520224215425022500000101124011230225014300 360.4624387067829
5,0 3 10000010000010000010000010100013322032220222202222001000322212222022120222100010022220221212112022200000102222022210222012103 236.1895002477957
5,0 3 10000010000010000010000010100011331031130311001300001000311311330013010301000010031100130111030001030000101300030100010310030 123.0641006866436
5,0 3 10000010000010000010000010100013310033110110000100001000331113310011000100000010011000110010011000100000100100010000001010000 89.56921936280028
5,0 6 10000010000010000010000010100013310033110116000100001000331113310011600100000010011600116016611000100000100100010000001010000 215.86415259423444
5,0 3 10000010000010000010000010100013322033120211102212001000331213311011120212200010021110111211100012000000102212021220120012200 177.96282660812614
5,0 3 10000010000010000010000010100013311032200120001000001000322012301020100010000010012000201010101000100000101000001000001010000 82.08371912336217
5,0 3 10000010000010000010000010100013321030000200001000001000300010121002000010000010020000020010011000100000101000001000001010000 46.959909060239895
5,0 3 10000010000010000010000010100013320033210221000100001000332113320022100100000010022100221011111000100000100100010000001010000 132.55956375763049
5,0 5 10000010000010000010000010100013320033210225000100001000332113320022500100000010022500225015511000100000100100010000001010000 240.78237854147824
5,0 3 10000010000010000010000010100013321033000200001000001000330013121002000010000010020000020010011000100000101000001000001010000 79.27676169470611
5,0 4 10000010000010000010000010100013322030210224102112001000302110311021210111100010022410212114203011300000102112011110113012100 179.42542331934874
5,0 3 10000010000010000010000010100013132012310333102110001000123112112031300120100010033310313013333010300000102110012010103010102 208.08610070299835
5,0 3 10000010000010000010000010100010312031220121102211001000312211323022110231100010012110221111111011120000102211023110111211122 165.8559030164481
5,0 3 10000010000010000010000010100013322033120211102212001000331213311011120212200010021110111211100012000000102212021220120012200 177.96282660812614
5,0 3 10000010000010000010000010100013321032200220001000001000322012301020200010000010022000202010201000100000101000001000001010000 95.61227241372599
5,0 3 10000010000010000010000010100013232021310333202120001000213111212031300120200010033320313013333020300000102120012020203010202 235.86020821601835
5,0 3 10000010000010000010000010100013321032210223201122001000322112221022220112100010022320222213221022100000101122011210221012100 207.24121812053684
5,0 6 10000010000010000010000010100010654061120511204223001000611211332013220222300010051120132211222022220000104223022230222213321 372.6768219054728
5,0 4 10000010000010000010000010100013321034110211101111001000341114232013000120000010021110130011011010100000101111012000101011000 150.33040285715452
5,0 3 10000010000010000010000010100013322032220222202222001000322212222022120222100010022220221212121022110000102222022210221112112 236.1895003846549
5,0 4 10000010000010000010000010100013322032220224202222001000322212222022320222100010022420223214312022220000102222022210222212121 300.20256403834804
5,0 4 10000010000010000010000010100013322032220224202224001000322212222022320222300010022420223214303022330000102224022230223314330 366.2415977250212
5,0 6 10000010000010000010000010100013322032220226202224001000322212222022520222300010022620225216516022620000102224022230226214321 494.5028121864874
5,0 3 10000010000010000010000010100013330033310332000100001000333113330033200100000010033200332012231000100000100100010000001010000 216.3000467659889
5,0 3 10000010000010000010000010100013331032310332101111001000323112321032210111000010033210322112231011100000101111011100111011000 209.27339732483057
5,0 8 10000010000010000010000010100010877081110711107111001000811111333013230133200010071110132311232013220000107111013320132211223 465.3150379112334
5,0 3 10000010000010000010000010100013331031100312001000001000311011111011200010000010031200112012201000100000101000001000001010000 96.74904678778904
5,0 3 10000010000010000010000010100013331032200321001000001000322012301020300010000010032100203011301000100000101000001000001010000 122.82486797761742
5,0 4 10000010000010000010000010100013331034200322001000001000342014231023200010000010032200232012211000100000101000001000001010000 190.21596410409734
5,0 3 10000010000010000010000010100013333032330332303332001000323312323032320332200010033230323212332032230000103332033220322312233 446.24311012898187
5,0 3 10000010000010000010000010100013332032210323102111001000322112121022210111100010032310222113212011200000102111011110112011100 196.6854124263712
5,0 3 10000010000010000010000010100013332032210321202121001000322112211021210111200010032120212111221021100000102121011120211011200 181.36368826116586
5,0 4 10000010000010000010000010100013431042100311001000001000421012131013000010000010031100130011021000100000101000001000001010000 120.45515271700945
5,0 4 10000010000010000010000010100013421041000200001000001000410011221002000010000010020000020010011000100000101000001000001010000 73.0156099662139
5,0 5 10000010000010000010000010100013542052220421202220001000522212242024100220100010042120241011132020200000102220022010202010103 274.5851737379761
5,0 4 10000010000010000010000010100013421042000200001000001000420012221002000010000010020000020010011000100000101000001000001010000 86.70052945211101
5,0 4 10000010000010000010000010100013421042200221001000001000422012321022000010000010022100220011021000100000101000001000001010000 128.67321603568425
5,0 4 10000010000010000010000010100013421042200222001000001000422012321022100010000010022200221012101000100000101000001000001010000 139.9999999933278
5,0 5 10000010000010000010000010100013421042200225001000001000422012321022400010000010022500224015401000100000101000001000001010000 216.30004666902965
5,0 6 10000010000010000010000010100013241026200422001000001000262016251025200010000010042200252012231000100000101000001000001010000 272.53860303642534
5,0 4 10000010000010000010000010100013341034100410001000001000341014031013100010000010041000131010131000100000101000001000001010000 141.99832335034202
5,0 4 10000010000010000010000010100013341031200420001000001000312011301020200010000010042000202010231000100000101000001000001010000 116.08568910154898
5,0 4 10000010000010000010000010100013433042210322203121001000422112311021220112200010032220212212220022010000103121011220220111210 239.8148063301798
5,0 4 10000010000010000010000010100012322034210222102111001000342114333023210131000010022210232112201011110000102111013100111111011 228.72349053105276
5,0 4 10000010000010000010000010100013441043300433001000001000433013330033310001000010043300333113330001000000101000000100010010000 288.30843811380475
5,0 5 10000010000010000010000010100013543053330432203322001000533313254035110341100010043220351112133021320000103322034110213212122 482.66382622591465
5,0 5 10000010000010000010000010100013541051100411001000001000511011231013100010000010041100131011121000100000101000001000001010000 150.9219877751308
5,0 5 10000010000010000010000010100013533051210322103111001000512111322022110121100010032210221112102011200000103111012110112011101 219.58403590332594
5,0 6 10000010000010000010000010100013654062220522204222001000622212332023220222200010052220232212222022210000104222022220222112211 428.5402220219255
5,0 4 10000010000010000010000010100014010004110110000100001000041114010011000100000010011000110010011000100000100100010000001010000 49.16600922109896
5,0 4 10000010000010000010000010100012111012200122001000001000122012400020410001000010012200204112400001000000101000000100010010000 93.25483397297658
5,0 4 10000010000010000010000010100012213022220121203220001000222212401020220212200010012120202211201022100000103220021220221010204 175.91732458835588
5,0 7 10000010000010000010000010100010760070020600200220001000700210440004300200100010060020043010330020000000100220020010200010100 204.95543571240557
5,0 6 10000010000010000010000010100010650060030500300330001000600310440004300300200010050030043010330030010000100330030020300110210 204.95543571257576
5,0 4 10000010000010000010000010100012331032200322001000001000322012400020410001000010032200204112400001000000101000000100010010000 141.2820323014461
5,0 4 10000010000010000010000010100011441041100411001000001000411011400010410001000010041100104111400001000000101000000100010010000 116.04258583623907
5,0 5 10000010000010000010000010100012534051110311104111001000511111213011120132000010031110111211101012100000104111013200121011004 196.6475568614419
5,0 7 10000010000010000010000010100011435047210321205121001000472117357025110171000010032120251111140021030000105121017100210311034 488.8058292512924
5,0 4 10000010000010000010000010100012421040200220001000001000402010411021000010000010022000210010031000100000101000001000001010000 83.15059976915887
5,0 4 10000010000010000010000010100014220024210221000100001000242114220022100100000010022100221011111000100000100100010000001010000 132.5595637576305
5,0 5 10000010000010000010000010100014220024210225000100001000242114220022500100000010022500225015511000100000100100010000001010000 240.78237854147824
5,0 4 10000010000010000010000010100014210024110110000100001000241114210011000100000010011000110010011000100000100100010000001010000 89.56921936280027
5,0 6 10000010000010000010000010100014210024110116000100001000241114210011600100000010011600116016611000100000100100010000001010000 215.8641525942344
5,0 4 10000010000010000010000010100014221020000200001000001000200010011001100010000010020000011010101000100000101000001000001010000 42.966623863653446
5,0 5 10000010000010000010000010100014121015000200001000001000150015021002000010000010020000020010011000100000101000001000001010000 77.99996266415275
5,0 5 10000010000010000010000010100014321034300233001000001000343014251035000010000010023300350013041000100000101000001000001010000 243.60787685275147
